0 370 71 74 141 
1 370 71 74 141 
2 369 71 75 141 
3 369 71 75 141 
4 369 71 75 141 
5 369 71 75 141 
6 369 71 75 141 
7 369 71 76 141 
8 370 71 74 141 
9 370 71 74 141 
10 370 71 74 141 
11 370 71 74 141 
12 370 71 74 141 
13 369 71 75 141 
14 369 71 75 142 
15 369 71 75 142 
16 369 71 75 141 
17 369 71 75 141 
18 369 71 76 141 
19 369 71 75 141 
20 369 71 75 141 
21 369 71 75 141 
22 370 71 74 141 
23 369 71 75 142 
24 369 71 75 141 
25 369 71 75 141 
26 369 71 75 142 
27 369 71 75 141 
28 369 71 75 141 
29 369 71 75 141 
30 369 71 75 141 
31 369 71 75 141 
32 369 71 75 141 
33 369 71 75 141 
34 369 71 75 142 
35 369 71 75 141 
36 369 71 75 141 
37 369 71 75 141 
38 370 71 74 142 
39 370 71 74 141 
40 370 71 74 141 
41 370 71 74 141 
42 370 71 74 141 
43 370 71 74 141 
44 369 71 75 141 
45 369 71 75 141 
46 369 71 76 141 
47 370 71 74 141 
48 369 71 75 141 
49 369 71 75 141 
50 370 71 74 141 
51 370 71 74 141 
52 370 70 74 142 
53 369 70 75 142 
54 369 71 75 141 
55 369 71 75 141 
56 369 70 75 142 
57 369 70 75 142 
58 369 71 75 141 
59 369 71 75 141 
60 369 71 75 141 
61 369 70 75 142 
62 369 70 75 143 
63 369 70 75 142 
64 370 70 74 142 
65 369 70 75 142 
66 369 70 75 142 
67 369 70 75 142 
68 369 71 75 141 
69 369 71 75 141 
70 369 71 76 141 
71 369 71 76 141 
72 369 71 75 141 
73 369 71 75 141 
74 370 71 74 141 
75 370 71 74 141 
76 369 71 75 141 
77 369 71 75 141 
78 369 71 75 141 
79 369 71 75 141 
80 369 71 75 141 
81 369 71 75 141 
82 369 70 75 142 
83 369 70 75 143 
84 369 70 75 143 
85 369 70 75 142 
86 369 70 75 142 
87 369 71 75 141 
88 369 71 76 141 
89 369 70 76 143 
90 369 71 76 142 
91 369 70 76 143 
92 369 70 75 143 
93 369 70 75 142 
94 369 70 75 143 
95 369 70 75 142 
96 369 70 75 143 
97 369 70 75 143 
98 369 70 75 143 
99 369 70 75 143 
100 369 70 75 143 
101 369 70 75 143 
102 369 70 75 143 
103 369 71 75 142 
104 369 71 75 142 
105 369 71 75 142 
106 369 71 75 141 
107 369 71 75 141 
108 369 71 75 141 
109 369 71 75 141 
110 369 71 75 141 
111 369 70 75 142 
112 369 71 75 141 
113 369 71 75 141 
114 369 71 76 141 
115 369 71 75 141 
116 369 71 75 141 
117 369 71 75 141 
118 369 71 75 141 
119 369 71 75 141 
120 369 71 75 141 
121 369 71 75 141 
122 369 71 75 141 
123 369 71 75 141 
124 369 71 75 141 
125 369 71 75 141 
126 369 71 75 141 
127 369 71 75 141 
128 369 71 75 141 
129 369 71 75 141 
130 369 71 75 141 
131 369 70 75 142 
132 369 70 75 142 
133 369 70 75 142 
134 369 71 75 141 
135 369 70 75 142 
136 369 71 75 141 
137 369 71 75 141 
138 369 71 75 141 
139 369 70 75 142 
140 369 70 75 142 
141 369 71 75 141 
142 369 71 75 141 
143 369 71 75 141 
144 369 71 75 141 
145 369 71 75 141 
146 369 71 75 141 
147 369 71 75 141 
148 369 71 75 141 
149 369 71 75 141 
150 369 71 75 141 
151 369 71 75 141 
152 369 71 75 141 
153 369 70 75 142 
154 369 70 75 142 
155 369 71 75 141 
156 369 70 75 142 
157 369 70 75 142 
158 369 70 75 142 
159 369 70 75 142 
160 370 71 74 141 
161 369 70 75 142 
162 370 71 74 141 
163 369 71 75 141 
164 369 71 75 141 
165 369 70 75 142 
166 369 70 75 142 
167 369 70 75 142 
168 369 71 75 141 
169 369 71 75 141 
170 369 71 75 141 
171 369 71 75 141 
172 369 71 75 141 
173 369 70 75 142 
174 369 70 75 142 
175 369 71 75 141 
176 369 70 75 142 
177 370 71 74 141 
178 370 70 74 142 
179 369 70 75 142 
180 370 70 74 142 
181 370 71 74 141 
182 370 70 74 142 
183 370 70 74 142 
184 370 71 74 141 
185 369 71 75 141 
186 369 71 75 141 
187 369 71 75 141 
188 369 71 75 141 
189 369 71 75 141 
190 369 71 75 141 
191 369 71 75 141 
192 369 71 75 141 
193 369 71 75 141 
194 369 71 75 141 
195 369 71 75 141 
196 369 71 75 141 
197 369 71 75 141 
198 369 71 75 141 
199 369 71 75 141 
200 369 71 75 141 
201 369 71 75 141 
202 369 71 75 141 
203 370 71 74 141 
204 369 71 75 141 
205 369 71 75 141 
206 369 71 75 141 
207 369 71 75 141 
208 369 71 75 141 
209 369 71 75 141 
210 370 71 74 141 
211 370 71 74 141 
212 369 71 75 141 
213 369 71 75 141 
214 369 71 75 141 
215 370 71 74 141 
216 370 71 74 141 
217 370 71 74 142 
218 369 71 76 141 
219 369 71 75 141 
220 369 71 75 141 
221 369 71 75 141 
222 369 71 75 141 
223 369 71 75 141 
224 369 71 75 141 
225 369 71 75 141 
226 369 71 75 141 
227 369 71 75 141 
228 369 71 76 141 
229 369 71 75 141 
230 369 71 75 141 
231 369 71 75 141 
232 369 71 75 141 
233 369 71 75 141 
234 369 71 75 141 
235 369 71 75 141 
236 369 71 76 141 
237 369 71 75 141 
238 369 71 75 141 
239 369 71 75 141 
240 369 71 75 141 
241 370 71 74 142 
242 369 71 75 141 
243 369 71 75 141 
244 369 71 75 141 
245 369 71 75 141 
246 369 71 75 141 
247 369 71 75 141 
248 369 71 75 141 
249 369 71 75 141 
250 369 71 75 141 
251 369 71 75 141 
252 369 71 75 141 
253 369 71 75 141 
254 369 71 75 141 
255 369 71 75 141 
256 369 71 75 141 
257 370 71 74 141 
258 370 71 74 141 
259 369 71 75 141 
260 369 71 75 141 
261 369 71 75 141 
262 369 71 75 141 
263 369 71 75 141 
264 369 71 75 142 
265 369 71 75 141 
266 370 71 74 142 
267 369 71 75 142 
268 369 71 75 142 
269 369 71 75 141 
270 369 71 75 142 
271 370 71 74 142 
272 370 71 74 141 
273 369 71 75 141 
274 370 71 74 141 
275 370 71 74 141 
276 370 71 74 141 
277 370 71 74 141 
278 370 71 74 141 
279 370 71 74 141 
280 370 71 74 142 
281 370 71 74 141 
282 369 71 75 141 
283 369 71 75 141 
284 369 71 75 141 
285 370 71 74 141 
286 370 71 74 141 
287 370 71 74 141 
288 370 71 74 141 
289 370 71 74 141 
290 370 71 74 141 
291 369 71 75 141 
292 370 71 74 141 
293 370 71 74 141 
294 370 71 74 141 
295 369 71 75 141 
296 370 71 74 141 
297 369 71 75 141 
298 369 71 75 141 
299 370 71 74 141 
300 369 71 75 141 
301 370 71 74 141 
302 370 71 74 141 
303 370 71 74 141 
304 370 71 74 141 
305 370 71 74 141 
306 370 71 74 141 
307 370 71 74 141 
308 370 71 74 141 
309 370 71 74 141 
310 370 71 74 141 
311 370 71 74 141 
312 370 71 74 141 
313 370 71 74 141 
314 370 71 74 141 
315 370 71 74 141 
316 369 71 75 141 
317 369 71 75 141 
318 369 71 75 141 
319 370 71 74 141 
320 370 71 74 141 
321 369 71 75 141 
322 370 71 74 141 
323 369 71 75 141 
324 369 71 75 141 
325 369 71 75 141 
326 369 71 75 141 
327 369 71 75 141 
328 369 71 75 141 
329 369 71 75 142 
330 369 71 75 141 
331 369 71 75 141 
332 369 71 75 141 
333 369 71 75 141 
334 369 71 75 141 
335 369 71 75 141 
336 370 71 74 141 
337 370 71 74 141 
338 370 71 74 141 
339 370 71 74 141 
340 370 71 74 141 
341 370 71 74 141 
342 370 71 74 141 
343 369 71 75 141 
344 369 71 75 141 
345 369 71 76 141 
346 369 71 75 141 
347 370 71 74 141 
348 370 70 74 142 
349 370 70 74 142 
350 370 70 73 142 
351 371 71 72 141 
352 370 71 73 141 
353 370 71 73 141 
354 370 71 73 141 
355 371 71 72 141 
356 370 72 73 140 
357 370 72 73 139 
358 370 72 73 139 
359 370 72 73 139 
360 370 72 73 139 
361 369 72 75 140 
362 369 71 74 141 
363 369 71 74 141 
364 369 71 74 141 
365 369 71 74 141 
366 369 71 74 141 
367 369 71 75 141 
368 369 71 75 141 
369 369 71 75 141 
370 369 71 75 141 
371 369 71 75 141 
372 369 71 75 141 
373 369 71 75 141 
374 369 72 75 140 
375 370 72 74 140 
376 370 72 74 140 
377 370 72 74 140 
378 370 71 74 141 
379 370 72 74 140 
380 370 71 74 141 
381 370 71 74 141 
382 369 71 75 141 
383 370 71 74 141 
384 369 71 75 141 
385 369 71 75 141 
386 370 71 74 141 
387 370 71 74 141 
388 370 71 74 141 
389 370 71 74 141 
390 370 71 74 141 
391 370 71 74 141 
392 370 71 74 141 
393 370 71 73 141 
394 370 71 74 141 
395 370 71 73 141 
396 370 71 74 141 
397 370 71 73 141 
398 370 71 73 141 
399 370 71 73 141 
400 370 71 73 141 
401 370 71 73 141 
402 370 71 73 141 
403 370 71 73 141 
404 370 71 73 141 
405 370 71 74 141 
406 370 71 74 140 
407 370 72 74 139 
408 370 71 73 140 
409 371 71 72 139 
410 371 71 72 140 
411 371 71 72 140 
412 371 71 72 140 
413 370 71 73 140 
414 371 70 72 142 
415 370 71 73 141 
416 371 71 72 141 
417 371 71 72 140 
418 371 72 72 139 
419 371 72 72 139 
420 371 72 72 139 
421 371 72 72 139 
422 370 72 73 139 
423 370 72 73 139 
424 370 72 73 139 
425 370 72 73 139 
426 370 72 73 139 
427 370 72 73 139 
428 370 73 73 137 
429 370 72 73 138 
430 370 72 73 139 
431 370 73 73 137 
432 370 73 73 137 
433 370 73 73 137 
434 371 73 72 137 
435 371 73 72 137 
436 371 72 72 139 
437 371 72 72 139 
438 371 72 72 139 
439 371 71 71 139 
440 371 71 72 139 
441 371 71 72 139 
442 371 71 72 139 
443 371 71 72 139 
444 371 70 72 140 
445 370 71 73 139 
446 370 70 73 140 
447 370 71 73 139 
448 370 71 73 139 
449 370 71 73 139 
450 370 71 73 140 
451 370 71 73 139 
452 370 71 73 140 
453 370 71 73 140 
454 370 71 73 140 
455 370 71 73 140 
456 370 71 73 140 
457 370 71 73 140 
458 370 71 73 140 
459 370 71 73 140 
460 370 71 73 140 
461 370 71 73 139 
462 370 71 73 139 
463 370 71 73 139 
464 370 71 73 139 
465 370 71 73 139 
466 370 71 73 139 
467 370 71 73 139 
468 370 71 73 139 
469 370 71 73 139 
470 370 71 73 139 
471 370 71 73 139 
472 370 71 73 139 
473 370 71 73 139 
474 370 71 73 139 
475 370 71 73 139 
476 370 71 73 139 
477 370 71 73 139 
478 370 71 73 139 
479 370 71 73 139 
480 370 71 73 139 
481 371 71 72 139 
482 370 71 73 139 
483 370 71 73 139 
484 370 71 73 139 
485 370 70 73 140 
486 370 71 73 139 
487 370 71 73 139 
488 370 71 73 139 
489 370 71 73 140 
490 370 70 73 141 
491 370 70 73 141 
492 370 70 73 141 
493 370 70 73 141 
494 370 70 73 141 
495 370 70 73 141 
496 370 70 73 141 
497 370 70 73 140 
498 370 70 73 140 
499 370 70 73 140 
500 370 70 73 141 
501 370 70 73 141 
502 370 71 73 139 
503 371 71 71 139 
504 371 71 71 139 
505 371 71 72 140 
506 371 71 72 139 
507 371 71 71 140 
508 371 70 71 141 
509 371 70 71 141 
510 371 70 71 141 
511 371 70 71 141 
512 371 70 71 141 
513 371 70 71 141 
514 371 70 71 141 
515 371 70 71 141 
516 371 70 71 140 
517 371 71 71 139 
518 371 71 71 139 
519 372 71 70 140 
520 371 71 71 140 
521 371 72 71 139 
522 371 72 72 140 
523 371 73 72 138 
524 371 73 72 138 
525 370 72 73 140 
526 370 73 74 139 
527 370 72 74 140 
528 370 73 74 139 
529 370 73 73 138 
530 370 72 74 140 
531 370 72 74 140 
532 370 72 74 140 
533 369 72 75 140 
534 370 73 74 139 
535 370 73 74 139 
536 370 73 74 140 
537 370 73 74 139 
538 370 73 74 139 
539 370 72 74 140 
540 370 73 74 139 
541 370 72 74 140 
542 370 72 74 140 
543 370 72 74 140 
544 370 72 74 140 
545 369 72 75 140 
546 370 72 74 140 
547 370 72 73 140 
548 370 72 73 140 
549 370 72 73 140 
550 370 72 73 140 
551 370 72 73 140 
552 370 71 73 141 
553 370 72 73 140 
554 370 72 73 140 
555 369 71 74 142 
556 369 72 74 140 
557 370 71 73 141 
558 370 71 73 141 
559 370 72 73 140 
560 369 71 75 141 
561 369 72 74 139 
562 370 71 73 141 
563 370 70 73 143 
564 370 72 73 140 
565 370 71 73 142 
566 370 72 73 140 
567 370 71 73 142 
568 370 72 73 140 
569 370 72 73 140 
570 370 71 73 141 
571 370 72 73 140 
572 370 71 73 142 
573 370 72 73 140 
574 370 72 73 140 
575 370 72 73 140 
576 370 72 73 140 
577 370 72 73 140 
578 370 72 73 140 
579 370 72 73 140 
580 370 72 73 140 
581 370 72 73 140 
582 370 72 73 140 
583 370 72 73 140 
584 369 72 74 140 
585 370 71 73 141 613 271 25 99 
586 369 72 74 140 611 272 26 94 
587 369 69 75 144 611 274 25 90 
588 370 72 73 140 609 273 28 91 
589 370 72 73 140 608 274 29 88 
590 370 71 73 141 609 274 28 87 
591 370 72 73 140 607 274 30 87 
592 370 72 73 140 607 274 29 86 
593 370 72 73 140 603 269 33 82 
594 370 72 73 140 593 278 41 67 
595 369 72 74 140 580 273 59 76 
596 369 72 75 140 577 270 58 83 
597 369 72 75 141 568 275 69 82 
598 370 71 73 141 561 272 77 88 
599 370 72 72 139 556 269 82 93 
600 369 71 76 142 561 259 74 103 
601 369 72 76 141 561 260 74 102 
602 370 71 76 144 561 259 74 103 
603 369 72 76 143 559 260 77 101 
604 370 71 75 144 559 260 76 101 
605 370 71 74 143 557 261 79 99 
606 370 71 73 143 556 261 79 98 
607 371 70 71 143 554 272 80 87 
608 370 71 73 141 534 273 104 75 
609 370 72 72 139 534 268 99 97 
610 370 71 73 141 513 265 122 92 
611 369 71 74 141 509 266 128 90 
612 369 71 74 141 508 266 129 92 
613 369 71 74 141 504 265 134 96 
614 369 71 75 141 503 264 135 98 
615 369 72 75 140 502 265 135 96 
616 370 72 74 140 498 264 140 98 
617 370 72 73 140 482 263 158 104 
618 471 269 169 98 370 72 73 140 
619 462 273 178 93 370 72 73 140 
620 460 275 180 90 370 72 73 140 
621 455 278 185 87 370 72 73 140 
622 370 72 73 140 451 275 184 95 
623 439 274 183 101 370 72 73 140 
624 432 276 185 99 370 73 73 139 
625 416 279 190 98 370 73 73 139 
626 402 282 192 95 370 72 73 140 
627 370 72 73 140 404 282 170 96 
628 396 281 178 98 370 72 73 140 
629 386 282 186 97 370 72 73 140 
630 377 282 193 97 371 72 71 139 
631 370 73 72 138 374 282 185 97 
632 371 72 71 139 374 285 176 96 
633 371 72 71 139 363 289 176 90 
634 371 73 71 138 351 283 179 100 
635 344 286 180 95 371 72 71 139 
636 335 285 179 98 371 73 71 137 
637 329 287 180 96 371 73 71 137 
638 326 287 180 97 371 72 71 139 
639 324 288 179 96 371 72 71 139 
640 323 288 180 96 371 72 71 139 
641 323 288 180 96 371 72 71 139 
642 323 288 180 96 371 72 71 139 
643 323 288 180 96 371 72 71 139 
644 323 288 180 96 371 71 72 140 
645 322 288 181 96 371 72 72 139 
646 321 288 180 96 370 72 73 139 
647 320 289 179 96 371 72 72 139 
648 319 289 179 95 370 72 73 139 
649 319 290 179 94 371 71 72 140 
650 319 290 178 94 370 71 73 140 
651 318 290 177 94 370 71 73 140 
652 315 290 177 95 370 71 73 141 
653 312 292 175 92 370 71 73 141 
654 311 292 174 92 370 71 73 141 
655 370 71 74 141 311 291 170 95 
656 370 71 74 141 310 292 171 93 
657 370 71 74 141 309 293 171 92 
658 370 71 74 141 299 286 184 105 
659 370 71 73 141 297 287 188 103 
660 370 71 73 141 296 288 188 102 
661 297 288 185 102 370 71 73 141 
662 296 289 187 100 370 71 73 141 
663 296 289 188 101 370 72 73 140 
664 370 72 73 140 296 289 188 101 
665 370 72 73 140 296 289 188 101 
666 296 289 188 101 370 72 73 140 
667 370 72 74 140 296 289 188 101 
668 370 72 74 140 296 289 188 101 
669 370 72 74 140 297 289 187 101 
670 370 72 74 140 297 289 187 101 
671 370 72 74 140 298 286 187 105 
672 311 292 173 93 370 72 74 140 
673 313 291 176 94 370 72 74 140 
674 313 291 177 94 370 72 74 140 
675 311 291 178 94 370 72 74 140 
676 311 291 179 94 370 72 74 140 
677 311 291 179 94 370 72 74 140 
678 311 291 179 94 370 72 74 140 
679 311 292 179 93 370 72 74 140 
680 311 291 179 94 370 72 74 140 
681 311 292 178 93 370 72 73 140 
682 311 292 177 93 370 72 73 140 
683 311 292 175 92 370 72 74 140 
684 311 292 175 93 370 72 74 140 
685 311 292 175 93 370 72 74 140 
686 311 292 175 92 370 72 74 140 
687 311 292 175 92 370 72 74 140 
688 310 292 175 92 370 72 74 140 
689 370 72 74 140 309 293 172 92 
690 370 72 74 140 297 288 188 102 
691 297 290 186 99 370 72 74 140 
692 296 290 188 99 370 72 74 140 
693 296 291 188 97 370 72 74 140 
694 370 72 74 140 300 288 183 101 
695 370 72 74 140 310 292 171 93 
696 312 291 178 94 370 72 74 140 
697 311 292 179 93 370 72 74 140 
698 311 292 178 93 370 72 73 140 
699 312 292 177 92 370 72 73 140 
700 312 292 177 92 370 72 73 140 
701 312 292 177 92 370 72 73 140 
702 312 292 176 92 370 72 73 140 
703 312 292 176 92 370 72 73 140 
704 312 292 177 92 370 72 73 140 
705 312 292 176 92 370 72 73 140 
706 312 292 177 92 370 72 73 140 
707 312 292 177 92 370 72 73 140 
708 312 292 176 92 370 72 73 140 
709 312 292 176 92 370 72 73 140 
710 312 292 176 92 370 72 73 140 
711 312 292 176 92 370 72 73 140 
712 312 292 176 92 370 72 73 140 
713 311 292 178 92 370 72 73 140 
714 311 292 178 92 370 72 73 140 
715 311 292 178 92 370 72 73 140 
716 311 292 178 92 370 72 73 140 
717 310 292 180 92 370 72 73 139 
718 310 289 177 107 370 73 73 138 
719 370 72 73 139 301 281 179 125 
720 300 283 175 123 370 72 73 140 
721 285 283 191 123 370 72 73 139 
722 283 284 193 122 370 72 73 140 
723 285 283 191 123 370 72 73 139 
724 286 284 190 122 370 72 73 140 
725 292 283 184 123 370 72 73 139 
726 297 283 178 122 370 72 73 140 
727 298 282 177 124 370 72 73 139 
728 299 282 176 125 370 72 73 140 
729 299 281 177 126 370 72 73 139 
730 300 279 177 128 370 72 73 140 
731 300 279 177 128 370 72 73 140 
732 300 279 177 128 370 72 73 140 
733 301 279 175 128 370 72 73 140 
734 302 275 174 131 370 72 73 140 
735 370 72 73 140 303 270 174 137 
736 370 72 73 140 316 276 158 122 
737 370 72 73 139 317 277 159 117 
738 370 72 73 139 315 278 165 114 
739 370 72 73 139 316 278 164 112 
740 370 72 73 139 316 278 164 113 
741 371 72 72 139 316 278 164 112 
742 370 72 73 139 317 278 163 112 
743 370 72 73 139 317 278 163 112 
744 370 72 73 139 316 278 164 113 
745 370 72 73 139 316 278 165 113 
746 370 72 73 139 316 277 164 114 
747 370 72 73 139 316 277 164 114 
748 370 72 73 139 316 277 164 114 
749 370 72 73 139 316 277 163 114 
750 370 72 73 139 315 275 163 118 
751 370 72 73 139 315 273 160 123 
752 370 72 73 139 308 260 167 149 
753 370 72 73 139 302 263 171 145 
754 370 72 73 140 299 263 174 145 
755 296 264 175 144 370 72 73 140 
756 291 265 179 143 370 72 73 140 
757 288 267 181 141 370 72 73 140 
758 286 268 181 140 370 72 73 140 
759 284 268 181 141 370 72 73 140 
760 279 269 183 140 370 72 73 140 
761 274 270 185 143 370 72 73 140 
762 270 270 188 145 370 72 73 140 
763 269 271 189 144 370 72 73 140 
764 269 271 189 144 370 72 73 140 
765 268 271 190 144 370 72 73 140 
766 269 271 189 144 370 72 73 140 
767 268 271 190 145 370 72 73 139 
768 268 272 190 144 370 72 73 139 
769 262 273 194 145 370 72 73 140 
770 261 274 195 145 370 72 73 139 
771 261 274 194 145 370 72 73 140 
772 261 274 194 145 370 72 73 140 
773 260 273 194 145 370 72 73 139 
774 260 273 194 144 370 72 73 139 
775 260 273 194 145 370 72 73 139 
776 260 273 194 145 370 72 74 139 
777 260 273 194 145 370 72 73 139 
778 256 276 192 146 370 72 73 139 
779 370 72 73 140 254 277 189 147 
780 370 72 74 140 256 274 179 152 
781 371 72 73 140 255 271 181 155 
782 371 72 73 140 254 270 185 153 
783 371 72 73 140 253 269 188 155 
784 371 72 73 140 253 269 188 155 
785 371 72 73 140 254 268 186 156 
786 370 72 74 140 255 267 184 156 
787 370 72 74 140 254 267 185 156 
788 370 72 74 140 255 267 184 156 
789 370 72 74 140 255 267 184 156 
790 370 72 74 140 256 264 184 158 
791 370 71 74 141 256 262 183 160 
792 370 71 74 141 258 258 180 164 
793 370 71 74 141 258 258 181 164 
794 370 71 75 141 258 258 181 164 
795 370 71 75 141 258 258 181 164 
796 370 71 75 140 260 257 177 163 
797 370 72 75 139 260 257 176 163 
798 370 71 75 140 260 258 176 161 
799 370 71 75 141 260 257 176 163 
800 370 71 75 141 260 257 176 163 
801 370 71 75 141 260 257 176 163 
802 370 71 75 141 260 258 176 161 
803 370 71 74 141 260 258 175 161 
804 370 71 74 141 266 254 165 165 
805 370 71 75 140 262 245 180 168 
806 370 72 75 139 264 241 175 175 
807 370 71 74 140 262 239 177 178 
808 370 71 74 140 261 239 179 177 
809 370 71 74 140 263 239 176 175 
810 370 71 74 140 265 242 176 167 
811 370 71 74 141 265 242 175 167 
812 370 70 74 142 266 241 174 169 
813 370 70 74 142 266 241 174 169 
814 370 71 74 141 266 241 174 170 
815 370 71 74 140 266 240 174 171 
816 370 71 75 141 266 240 174 171 
817 370 71 75 140 266 241 174 170 
818 370 71 75 140 266 241 174 170 
819 369 72 76 139 266 241 175 170 
820 369 72 75 139 266 241 175 169 
821 370 72 74 139 266 241 174 169 
822 370 72 74 139 266 241 174 169 
823 370 71 74 141 266 241 174 169 
824 370 71 74 140 266 242 177 166 
825 370 72 74 139 267 243 178 162 
826 370 71 74 140 270 243 176 159 
827 370 72 74 139 274 244 171 151 
828 370 71 74 140 275 244 170 148 
829 370 71 74 141 279 243 166 147 
830 370 72 74 139 281 241 167 147 
831 370 71 74 141 289 236 162 142 
832 370 71 74 140 306 229 143 138 
833 370 72 74 135 310 234 145 116 
834 370 72 73 131 314 230 144 125 
835 371 74 72 123 328 20 140 383 344 233 111 131 
836 371 73 71 124 332 217 132 145 328 54 143 306 
837 371 72 71 125 335 221 130 136 330 49 140 313 
838 371 71 71 126 335 222 129 133 330 52 140 307 
839 371 71 70 126 336 224 129 128 331 49 140 312 
840 371 70 69 126 328 230 137 116 334 46 140 315 
841 371 70 69 126 327 230 141 116 335 41 140 324 
842 371 70 69 126 329 226 143 119 334 35 144 335 
843 371 71 69 124 329 229 142 117 333 33 145 341 
844 371 71 69 124 328 229 143 117 333 32 144 343 
845 371 71 69 124 328 229 142 117 334 33 142 341 
846 371 71 69 124 327 230 144 117 333 36 144 337 
847 371 71 69 125 326 230 146 116 333 36 144 335 
848 371 71 69 125 326 230 146 116 333 36 144 335 
849 371 71 70 125 326 230 146 116 333 35 144 337 
850 371 71 70 125 327 230 144 117 333 36 144 336 
851 371 71 70 125 326 230 146 117 333 36 143 335 
852 371 71 70 125 326 230 145 116 334 35 142 337 
853 371 71 69 125 327 230 143 117 334 36 142 336 
854 371 71 70 125 327 230 143 117 333 37 143 334 
855 371 71 69 124 328 230 143 117 333 37 143 335 
856 371 71 69 124 328 229 142 118 333 37 144 334 
857 371 71 69 124 328 229 142 118 333 37 144 334 
858 371 71 69 124 329 229 141 118 333 38 144 331 
859 371 72 69 122 330 229 140 118 334 40 142 327 
860 331 229 139 118 371 71 69 122 332 35 147 332 
861 331 230 139 117 371 71 69 123 331 31 148 339 
862 372 72 68 122 331 232 140 114 333 34 145 338 
863 371 72 69 122 331 230 141 117 335 35 142 337 
864 371 72 69 122 330 229 141 118 335 41 144 324 
865 372 72 68 123 330 229 141 118 336 42 142 324 
866 371 71 69 124 330 229 141 117 337 41 139 325 
867 372 71 68 124 328 229 145 117 337 44 141 318 
868 371 70 69 126 328 230 143 115 335 41 143 324 
869 371 71 69 124 330 230 141 116 335 41 142 324 
870 371 71 69 125 328 230 143 116 334 47 144 313 
871 371 69 69 128 328 229 143 116 334 42 142 321 
872 371 72 69 123 329 230 142 116 335 46 141 317 
873 371 70 69 126 329 231 141 115 334 34 141 338 
874 371 71 69 124 329 230 142 116 335 40 141 327 
875 371 71 69 124 328 230 144 116 335 41 141 326 
876 371 70 69 126 329 230 142 117 334 40 142 327 
877 371 72 70 123 329 231 142 115 335 42 141 325 
878 371 70 69 126 328 230 143 116 335 42 141 322 
879 371 72 70 123 329 230 142 116 335 40 141 327 
880 371 72 70 123 328 230 144 116 335 40 141 328 
881 370 70 70 127 329 230 142 116 334 39 142 329 
882 371 71 69 125 329 230 142 116 335 39 140 330 
883 370 70 70 127 329 230 142 116 335 39 141 328 
884 371 71 69 125 329 229 142 117 335 39 141 329 
885 371 71 69 125 329 230 142 116 335 39 141 329 
886 370 69 70 128 329 230 141 117 336 37 138 333 
887 371 71 69 125 329 230 142 117 336 37 139 335 
888 370 70 71 126 330 230 141 117 336 37 139 335 
889 370 71 71 125 329 230 141 117 336 35 139 339 
890 371 71 70 125 329 231 142 116 336 36 139 337 
891 370 70 71 127 329 230 141 117 335 37 141 334 
892 371 71 70 125 329 230 142 117 336 37 139 335 
893 371 71 69 125 329 230 142 116 335 39 141 330 
894 371 70 69 126 329 230 142 116 335 39 141 330 
895 371 70 70 126 328 230 144 117 335 40 142 329 
896 370 70 70 126 329 230 142 116 335 38 141 333 
897 371 70 70 126 329 231 142 115 336 39 140 330 
898 371 70 70 126 329 231 142 114 336 40 140 327 
899 370 70 71 125 330 231 143 114 336 41 142 326 
900 371 71 71 124 330 232 143 113 337 38 141 332 
901 371 71 71 124 330 232 143 112 336 39 141 330 
902 371 71 71 123 330 233 144 112 337 40 140 329 
903 371 71 71 123 330 233 143 112 338 40 138 329 
904 371 70 71 125 330 233 144 113 337 37 139 334 
905 371 71 70 123 330 233 144 112 338 38 137 332 
906 371 71 70 123 330 233 144 112 337 38 138 331 
907 371 71 70 123 330 233 144 113 337 39 138 329 
908 371 71 70 123 329 232 145 115 337 35 137 336 
909 371 70 70 124 329 232 143 114 337 35 137 336 
910 371 71 70 123 329 232 143 115 337 36 137 335 
911 371 71 70 123 329 231 142 116 336 35 138 337 
912 371 71 70 123 329 231 142 116 336 34 138 340 
913 371 71 70 123 329 231 142 116 336 33 138 341 
914 371 71 70 123 329 231 141 116 336 34 137 338 
915 371 71 71 124 329 231 142 116 336 35 137 337 
916 370 70 71 125 329 231 142 116 336 34 138 338 
917 371 70 70 125 329 230 142 117 335 37 140 332 
918 370 70 71 126 329 230 141 117 335 37 140 333 
919 370 70 71 126 328 230 143 117 335 36 140 335 
920 371 70 70 125 329 230 142 117 335 36 140 335 
921 370 71 71 124 329 230 142 117 335 37 140 332 
922 370 70 71 126 329 230 141 117 335 37 140 332 
923 370 70 71 126 329 230 141 117 335 37 140 332 
924 370 70 71 126 328 230 143 116 335 37 140 331 
925 370 70 71 126 329 231 141 115 336 37 138 331 
926 370 70 71 126 329 231 141 115 335 35 140 335 
927 370 70 71 126 329 231 141 115 334 36 141 333 
928 370 70 71 126 329 231 141 115 335 37 140 332 
929 370 70 71 126 329 231 141 115 335 37 140 332 
930 370 70 71 126 329 230 141 116 335 38 140 331 
931 370 70 71 126 329 230 141 116 335 37 140 333 
932 370 70 71 126 329 230 140 117 334 35 141 337 
933 370 70 71 126 329 230 141 117 334 34 141 338 
934 370 70 71 126 328 230 143 116 335 37 141 332 
935 370 70 71 126 328 230 143 116 334 36 142 334 
936 370 70 71 126 328 231 142 115 334 36 142 334 
937 370 70 71 125 329 230 141 116 335 36 140 334 
938 370 70 71 125 329 230 141 116 335 35 140 336 
939 371 70 70 126 329 230 142 117 335 34 141 338 
940 371 70 70 126 328 230 144 117 335 35 141 336 
941 371 70 70 126 328 230 143 116 334 36 142 334 
942 370 70 71 126 328 230 143 116 334 35 142 336 
943 370 70 71 126 328 230 143 117 335 37 141 332 
944 371 70 70 126 328 230 143 117 335 36 141 334 
945 371 70 70 126 328 230 143 117 335 37 141 333 
946 371 70 70 126 328 230 143 117 334 37 142 333 
947 371 70 70 126 328 230 143 117 335 37 141 333 
948 370 70 71 126 328 230 143 117 335 37 141 333 
949 371 70 70 126 328 230 143 117 335 38 141 331 
950 370 70 71 126 328 230 143 117 335 37 141 332 
951 370 70 71 126 328 230 143 117 335 37 141 333 
952 370 70 71 125 329 230 141 117 334 33 142 339 
953 370 70 71 125 329 230 142 117 334 33 142 340 
954 370 70 71 125 329 230 141 117 334 34 141 338 
955 370 70 71 125 329 230 141 117 335 34 140 338 
956 370 70 71 126 329 230 141 117 335 35 140 336 
957 370 70 71 126 329 230 141 117 335 35 140 336 
958 370 70 71 126 329 230 141 117 335 34 140 338 
959 370 70 71 126 329 230 142 117 335 35 140 336 
960 370 70 71 126 329 230 142 117 335 35 140 336 
961 370 70 71 126 329 230 141 116 335 35 140 336 
962 370 70 71 126 329 230 141 117 335 35 140 335 
963 370 70 71 126 329 230 141 117 335 36 140 334 
964 370 70 71 126 329 230 141 117 335 36 140 334 
965 370 70 71 126 329 230 141 117 335 36 140 334 
966 370 70 71 126 328 230 142 117 335 37 140 332 
967 370 70 71 125 329 231 141 115 335 39 140 328 
968 370 70 71 126 329 230 141 116 335 37 140 331 
969 370 70 72 126 329 231 141 115 335 38 140 329 
970 370 70 72 126 329 231 141 115 335 37 140 331 
971 370 70 71 126 329 230 141 116 335 39 140 328 
972 370 70 71 126 328 231 142 115 335 39 140 328 
973 370 70 71 126 329 231 141 115 335 39 140 328 
974 370 70 71 126 329 230 141 116 336 39 139 329 
975 370 70 71 126 329 230 141 117 336 37 139 332 
976 371 70 70 126 329 231 142 116 335 38 140 331 
977 371 70 70 126 329 231 142 115 335 37 141 332 
978 370 70 71 126 329 230 142 117 335 37 141 333 
979 370 70 71 126 329 230 142 116 335 37 141 332 
980 370 70 71 126 329 230 142 117 335 37 141 332 
981 370 70 71 126 329 230 142 117 335 37 141 332 
982 370 70 71 126 329 230 141 117 335 37 141 333 
983 370 70 71 126 329 230 142 117 335 37 141 333 
984 370 70 71 126 329 230 142 117 335 36 140 334 
985 370 70 71 126 329 230 142 117 335 36 141 334 
986 370 70 71 126 329 230 141 117 335 37 140 333 
987 370 70 71 126 329 230 141 117 335 37 140 333 
988 370 70 71 126 328 230 143 117 334 37 142 332 
989 370 70 71 126 328 230 143 117 334 37 142 332 
990 370 70 71 126 328 230 143 117 334 39 142 329 
991 370 70 71 126 328 230 143 117 334 37 143 333 
992 370 70 71 126 328 230 143 117 334 39 143 329 
993 370 70 71 125 328 230 143 116 334 39 142 329 
994 370 70 71 125 328 230 143 116 334 37 142 332 
995 370 70 71 126 328 230 143 116 334 37 142 332 
996 370 70 71 125 328 230 143 117 335 38 141 331 
997 370 70 71 126 328 230 143 117 335 39 141 329 
998 370 70 71 125 328 230 143 116 334 38 142 330 
999 370 70 71 125 328 230 142 117 334 39 142 329 
1000 370 70 71 125 328 230 142 117 334 37 142 333 
1001 370 70 71 125 328 231 142 115 334 37 142 332 
1002 370 70 71 125 329 231 141 115 334 37 142 332 
1003 370 70 71 125 328 230 143 116 334 38 142 330 
1004 370 70 71 125 328 230 142 116 334 38 142 331 
1005 370 70 71 126 328 230 143 116 335 39 141 328 
1006 370 70 71 125 329 230 141 117 334 38 142 331 
1007 370 71 71 124 329 232 142 114 335 38 141 330 
1008 370 71 71 124 329 232 142 114 336 39 139 330 
1009 371 71 70 124 329 231 142 116 336 38 139 331 
1010 371 71 70 124 330 231 140 116 336 37 138 333 
1011 371 71 70 124 330 232 141 114 336 39 139 330 
1012 371 71 70 124 329 231 142 115 336 38 139 332 
1013 371 71 70 124 329 232 142 114 335 41 141 326 
1014 371 71 70 124 330 230 140 117 336 35 138 337 
1015 370 71 71 124 330 231 140 116 336 34 139 338 
1016 371 71 70 124 330 231 140 116 336 36 139 334 
1017 371 70 69 125 329 230 141 117 335 36 140 334 
1018 370 71 70 125 329 229 141 118 335 37 140 332 
1019 370 70 70 126 328 228 142 119 334 36 142 335 
1020 371 71 69 125 328 228 142 119 335 37 141 332 
1021 370 71 71 125 328 229 143 118 333 35 145 334 
1022 371 70 70 126 329 229 142 117 335 38 141 329 
1023 371 70 70 125 329 229 144 118 336 39 141 329 
1024 371 71 69 124 329 230 143 116 336 36 141 336 
1025 371 71 69 124 329 230 144 116 336 37 139 333 
1026 371 71 69 124 329 230 144 117 337 37 139 333 
1027 371 71 69 124 329 231 145 115 337 35 137 339 
1028 371 71 69 124 329 232 145 114 337 35 137 338 
1029 371 71 69 124 329 231 145 115 337 34 138 340 
1030 371 71 69 124 329 232 145 114 338 34 137 339 
1031 371 71 69 124 330 231 144 115 338 34 137 340 
1032 371 70 69 126 330 232 144 114 338 35 138 338 
1033 371 70 69 125 330 232 144 114 338 33 137 341 
1034 371 70 69 125 330 231 144 116 338 34 138 339 
1035 371 70 70 125 329 232 145 114 338 31 137 345 
1036 371 71 69 124 329 231 145 116 338 33 137 342 
1037 371 71 69 124 329 232 144 114 337 35 138 336 
1038 371 71 69 124 328 231 145 115 337 35 138 336 
1039 371 71 70 124 328 231 144 116 336 38 139 331 
1040 371 71 70 124 329 230 143 117 336 37 140 332 
1041 371 71 70 124 328 230 144 117 335 37 142 331 
1042 371 71 70 124 329 230 142 116 336 38 141 330 
1043 371 71 69 124 328 230 144 117 335 38 142 330 
1044 370 70 71 126 328 229 143 118 336 40 140 328 
1045 370 71 70 125 328 229 143 118 336 39 140 330 
1046 370 70 70 126 328 230 143 118 335 38 140 331 
1047 370 70 71 126 328 230 143 117 336 39 139 330 
1048 370 70 70 126 328 229 143 118 335 36 141 334 
1049 370 70 70 126 328 229 143 118 335 35 141 336 
1050 370 70 70 126 329 230 142 116 335 36 141 335 
1051 370 70 71 126 328 230 143 116 335 38 141 330 
1052 370 70 71 126 328 230 143 116 335 37 141 332 
1053 371 70 70 126 329 230 141 116 335 38 141 330 
1054 371 70 70 126 330 230 139 116 335 37 141 332 
1055 371 70 70 126 330 230 139 116 335 37 140 331 
1056 371 70 70 126 329 230 141 116 335 37 140 331 
1057 371 70 70 126 329 230 140 116 334 36 142 333 
1058 371 70 70 126 329 230 141 116 335 38 140 330 
1059 371 70 70 126 329 230 141 116 335 37 140 331 
1060 370 70 71 127 329 231 141 115 336 38 139 329 
1061 371 70 70 126 329 231 141 114 336 37 139 332 
1062 371 70 70 127 329 231 141 114 335 36 140 334 
1063 371 70 70 127 329 230 141 116 335 37 141 331 
1064 370 70 71 126 329 231 141 115 336 36 139 334 
1065 370 70 71 126 329 230 140 117 335 34 140 338 
1066 371 70 70 126 329 231 141 116 335 37 140 333 
1067 371 70 70 126 330 231 140 116 335 36 140 334 
1068 371 70 70 126 329 230 141 117 335 37 140 333 
1069 370 70 71 126 329 230 141 117 334 37 142 332 
1070 371 70 70 126 330 230 139 117 334 37 142 333 
1071 371 70 70 126 329 230 141 117 335 37 141 333 
1072 371 70 70 126 330 230 140 117 334 37 142 333 
1073 371 70 70 126 329 230 140 117 335 37 140 333 
1074 371 70 70 126 330 230 140 117 334 36 141 334 
1075 371 70 70 126 330 229 140 118 335 36 140 335 
1076 371 70 70 126 330 229 140 118 335 37 140 333 
1077 371 70 70 126 329 229 141 118 335 37 141 334 
1078 371 70 70 126 329 229 141 118 335 37 141 334 
1079 371 70 70 126 329 229 142 118 334 35 143 336 
1080 371 70 70 126 329 229 142 118 334 35 142 336 
1081 371 70 70 126 329 229 141 118 334 36 143 335 
1082 371 70 70 126 329 229 142 118 334 35 143 336 
1083 371 70 70 126 329 229 141 118 334 37 143 332 
1084 370 70 71 126 329 229 142 118 334 37 143 332 
1085 370 70 71 126 329 229 142 118 335 37 141 332 
1086 371 70 70 126 329 229 142 118 335 38 141 330 
1087 371 70 70 126 329 229 142 118 335 39 141 329 
1088 371 70 70 127 329 229 142 118 335 39 141 329 
1089 371 70 70 127 329 229 141 118 335 37 141 332 
1090 370 70 71 126 329 229 142 118 335 38 141 331 
1091 370 70 71 127 329 230 141 117 334 35 142 336 
1092 370 70 71 127 329 230 141 117 334 35 142 336 
1093 370 70 71 127 329 230 142 117 334 35 142 336 
1094 370 70 71 126 329 230 141 117 334 36 142 335 
1095 370 70 71 126 329 229 141 118 334 37 142 333 
1096 370 70 71 126 329 230 141 117 334 37 142 333 
1097 370 70 71 126 329 229 141 118 334 37 142 332 
1098 370 69 71 128 329 229 141 118 334 35 142 336 
1099 370 70 71 127 329 230 141 117 334 36 142 334 
1100 370 70 71 127 329 230 141 117 334 37 142 332 
1101 370 70 71 127 329 229 141 118 334 37 142 333 
1102 370 70 71 127 329 230 142 117 334 38 142 331 
1103 370 70 71 127 329 230 142 117 334 35 142 336 
1104 371 70 70 126 329 230 142 117 334 36 142 335 
1105 371 70 70 126 329 230 142 117 334 36 142 335 
1106 371 70 70 126 329 230 142 117 334 37 143 332 
1107 371 70 70 126 328 230 143 117 334 37 142 333 
1108 371 70 70 126 328 230 143 117 334 36 142 334 
1109 371 70 70 126 329 230 142 117 334 36 142 335 
1110 371 70 70 126 329 229 141 118 335 35 141 336 
1111 371 70 70 126 329 230 141 117 334 35 142 336 
1112 371 70 70 126 329 229 141 118 334 34 142 338 
1113 371 70 70 126 329 229 141 118 335 35 141 337 
1114 371 70 70 126 329 229 141 118 334 35 142 336 
1115 371 70 70 126 329 230 142 117 335 36 141 334 
1116 371 70 70 126 329 230 142 117 335 37 141 334 
1117 370 70 71 126 329 230 141 117 335 34 140 338 
1118 370 70 71 126 329 230 141 117 335 35 140 337 
1119 370 70 71 126 329 230 140 117 335 35 140 336 
1120 370 70 71 126 329 230 140 117 335 35 140 337 
1121 371 70 70 126 329 230 141 117 335 36 140 334 
1122 371 70 70 126 329 230 141 117 335 36 140 335 
1123 370 70 71 126 329 230 141 117 335 36 140 334 
1124 370 70 71 126 329 229 141 118 335 36 140 334 
1125 370 70 71 127 329 229 141 118 335 36 140 334 
1126 370 70 71 126 329 230 141 117 335 36 140 334 
1127 371 70 70 126 329 229 141 118 335 36 140 334 
1128 371 70 70 126 329 230 141 117 335 36 140 334 
1129 371 70 70 127 329 230 141 117 335 36 140 334 
1130 371 70 70 127 329 230 141 117 335 37 141 333 
1131 371 70 70 127 329 230 141 117 335 37 141 333 
1132 371 70 70 126 329 229 142 118 335 37 141 332 
1133 370 70 71 127 328 230 142 117 335 38 141 330 
1134 371 70 70 127 328 230 142 117 334 38 142 330 
1135 371 70 70 127 328 230 143 117 334 39 142 328 
1136 371 70 70 127 328 230 142 117 335 39 141 329 
1137 371 70 70 127 328 230 142 117 335 39 141 328 
1138 371 70 70 127 328 230 142 117 335 39 141 329 
1139 370 70 71 127 328 229 143 118 335 38 141 330 
1140 371 70 70 127 328 229 142 118 335 38 141 331 
1141 371 70 70 127 328 229 143 118 335 38 141 331 
1142 371 70 70 127 329 229 141 118 335 38 141 330 
1143 371 70 70 126 329 230 141 116 334 37 142 332 
1144 371 70 70 126 329 230 141 116 334 37 142 332 
1145 371 70 70 126 329 230 142 116 334 36 142 334 
1146 371 70 70 126 329 230 141 116 334 37 142 332 
1147 371 70 70 126 329 230 142 117 335 38 141 331 
1148 371 70 70 126 329 230 142 117 335 39 141 329 
1149 371 70 70 126 329 230 142 117 335 38 141 331 
1150 370 70 71 126 329 230 141 116 335 37 141 332 
1151 370 70 71 127 329 230 141 117 335 38 141 330 
1152 371 70 70 127 329 230 141 117 335 38 141 331 
1153 371 70 70 127 329 229 141 118 335 37 141 332 
1154 371 70 70 127 329 230 141 117 335 38 140 331 
1155 371 70 70 127 329 229 141 118 335 38 140 331 
1156 371 70 70 127 329 230 141 116 334 38 143 330 
1157 371 70 70 127 329 230 141 116 334 38 143 330 
1158 371 70 70 127 329 230 141 116 334 37 143 331 
1159 371 70 70 127 329 230 141 116 334 38 143 330 
1160 371 70 70 127 329 229 141 118 334 36 143 334 
1161 371 70 70 127 329 230 141 117 335 38 141 331 
1162 371 69 70 128 329 230 141 117 335 38 141 330 
1163 370 70 71 127 329 230 141 117 335 37 141 332 
1164 370 70 71 127 329 230 141 117 335 38 141 331 
1165 370 70 71 127 329 230 141 117 335 37 141 333 
1166 370 70 71 126 329 230 141 117 335 36 140 334 
1167 370 70 71 127 329 229 141 118 335 37 141 333 
1168 371 70 70 126 329 230 141 117 335 38 140 330 
1169 371 70 70 126 329 230 141 117 335 38 140 330 
1170 371 70 70 126 329 231 141 115 335 39 140 329 
1171 371 70 70 127 329 230 141 116 335 39 140 329 
1172 371 70 70 127 329 230 142 116 335 38 140 330 
1173 370 70 71 127 329 230 142 117 335 38 140 331 
1174 370 70 71 126 329 230 141 117 335 37 140 332 
1175 370 70 71 127 329 230 141 116 335 37 141 332 
1176 370 70 71 127 329 230 141 116 335 38 141 330 
1177 371 70 70 127 329 230 141 116 335 37 141 332 
1178 370 70 71 127 329 230 141 116 335 39 140 329 
1179 371 70 70 127 329 230 141 117 335 39 140 329 
1180 370 70 71 127 329 230 141 116 335 38 141 330 
1181 370 70 71 126 329 230 141 117 335 37 140 333 
1182 370 70 71 126 329 230 141 117 335 37 140 333 
1183 370 70 71 126 329 230 141 117 335 38 140 331 
1184 370 70 71 126 329 229 141 118 335 36 140 335 
1185 370 70 71 126 329 230 141 117 335 36 140 335 
1186 371 70 70 126 329 230 141 117 335 36 140 335 
1187 371 70 70 126 329 229 141 118 335 37 140 333 
1188 370 70 71 126 329 230 141 117 335 37 140 333 
1189 371 70 70 126 329 230 141 117 335 36 140 335 
1190 371 70 70 126 329 229 141 118 335 36 140 335 
1191 371 70 70 126 329 230 141 117 335 37 140 333 
1192 370 70 71 126 329 230 141 117 335 37 140 332 
1193 371 70 70 126 329 230 141 117 335 36 140 334 
1194 371 70 70 126 329 230 141 116 335 37 141 332 
1195 371 70 70 126 329 231 141 115 335 37 141 332 
1196 371 70 70 126 329 231 141 115 335 37 141 332 
1197 371 70 70 126 329 230 141 116 335 37 141 333 
1198 371 70 70 126 329 230 140 117 335 37 140 333 
1199 371 70 70 126 329 230 141 117 335 37 141 332 
1200 371 70 70 126 329 230 141 117 335 37 141 332 
1201 371 70 70 126 329 230 141 117 335 38 141 331 
1202 371 70 70 126 329 230 141 117 335 37 141 332 
1203 371 70 70 126 329 230 141 117 335 38 141 331 
1204 371 70 70 126 329 230 141 117 335 37 141 332 
1205 371 70 70 126 329 230 141 117 335 37 141 333 
1206 371 70 70 126 329 230 141 116 335 36 141 334 
1207 371 70 70 126 329 229 141 118 335 36 141 334 
1208 371 70 70 126 329 229 141 118 335 36 141 334 
1209 371 70 70 126 329 230 141 117 335 37 141 333 
1210 371 70 70 126 328 230 142 117 335 37 141 332 
1211 371 70 70 126 328 230 142 117 334 36 142 334 
1212 371 70 70 126 329 229 141 118 334 36 142 334 
1213 371 70 70 126 329 229 141 118 335 36 141 333 
1214 371 70 70 126 329 229 141 118 334 36 142 333 
1215 371 70 70 126 328 229 142 118 335 36 141 333 
1216 371 70 70 126 328 230 142 117 335 35 141 335 
1217 371 70 70 126 329 230 141 117 335 35 140 335 
1218 371 70 70 126 329 230 141 117 335 36 141 334 
1219 371 70 70 126 329 230 141 117 334 35 142 336 
1220 371 70 70 126 329 230 141 117 334 35 142 336 
1221 371 70 70 126 329 230 141 117 334 35 142 336 
1222 371 70 70 126 329 230 142 117 334 35 142 336 
1223 371 70 70 126 329 230 141 117 334 35 142 336 
1224 370 70 71 126 330 230 140 117 335 37 140 333 
1225 370 70 71 126 329 230 141 117 335 36 140 334 
1226 370 70 71 126 329 230 141 117 335 37 141 333 
1227 370 70 71 126 329 230 141 117 335 37 141 332 
1228 370 70 71 126 329 229 141 118 334 35 142 336 
1229 370 70 71 126 329 230 141 117 335 35 140 336 
1230 370 70 71 126 329 230 141 117 335 36 140 335 
1231 371 70 70 126 329 230 141 117 335 35 140 336 
1232 371 70 70 126 329 230 141 117 335 35 140 336 
1233 371 70 70 126 329 230 141 117 335 35 140 336 
1234 370 70 71 126 329 229 141 118 335 35 140 336 
1235 370 70 71 126 329 229 141 118 335 36 140 334 
1236 371 70 70 126 329 229 141 118 335 36 141 334 
1237 370 70 71 126 328 229 143 118 335 36 141 334 
1238 370 69 71 128 329 230 141 117 335 36 141 334 
1239 371 70 70 126 328 229 143 118 335 37 140 332 
1240 371 70 70 126 328 229 143 118 335 36 141 334 
1241 370 70 71 126 328 229 143 118 335 36 141 334 
1242 370 70 71 126 328 229 142 118 335 37 141 332 
1243 370 70 71 126 330 229 139 118 334 34 142 337 
